1010101010101010101010101010101010101010101010101010101010101010101010101010101010101010101010101010
1010101010101010101010101010101010101010101010101010101010101010101010101010101010101010101010101010
1010101010101010101010101010101010101010101010101010101010101010101010101010101010101010101010101010
1010101010101010101010101010101010101010101010101010101010101010101010101010101010101010101010101010
1010101010101010101010102826262626262626291010101010101010101010101010101010101010101010101010101010
1010101010101010101028262711111111111111252626262626262910101010101028262626262626262629101010101010
10101010101010101028271111 8 8 8 8 8 8 8 81111 5 5 5 52526262626262627 5 5 5111111111125262910101010
10101010101010102827111111 8 9 9 9 9 9 9 81111 5 5 5 5 5 5 5 5 5 5 5 5 5 5 5111111111111112310101010
10101010101010102411111111 8 9 9 9 9 9 9 81111 5 5 5 5 5 5 5 5 5 5 5 5 5 511111119181111112529101010
10101010101010102411111111 8 9 9 9 9 9 9 81111 5 5 5 5 5 5 5 5 5 5 5 5 511111111 1 21111111123101010
10101010101010103022111111 8 9 9 9 9 9 9 811 5 5 5 5 5 5 5 5 5 5 5 51111111111 0 1 21111111123101010
10101010101010101030212211 8 8 8 9 9 8 8 811 5 5 5 5 5 5 5 5 5 5 5111119 3 3 3 335 21111112031101010
101010101010101010101030221111 1 7 7 2111111 5 5 5 5 5 5 5 5 5 5 511 0 132 4 4 4 4171111203110101010
101010101010101010101010241111 1 7 7 2111111 5 5 5 5 5 5 5 5 5 5 51111 1 211111111111120311010101010
101010101010101010101010302122 1 7 7 21111 5 5 5 5 5 5 5 5 5 5 5111111 1 211111111112031101010101010
101010101010101010101010101024 1 6 7 211 5 5 5 5 5 5 5 5 5 5 5 5111111 1 21111 5 5203110101010101010
1010101010101010101010101028271633321711 5 5 5 5 5 5 5 5 5 5 511 01111 1 211 5 5 5252910101010101010
1010101010101010101010102827 511 1 21111 5 5 5 5 5 5111111111111111111 1 211 5 5 5 52310101010101010
10101010101010101028262627 5 511 1 211 0 5 5 5 5 5 51119 3 3 3 3 3 3 335 211 5 5 5 52310101010101010
10101010101010102827 5 5 5 5 511 1 21111 5 5 5 5 5 511 132 4 4 4 4 4 4 41711 5 5 5 52310101010101010
101010101028262627 5 5 5 5 5 511 1 21111 5 5 5 5 51111 1 2111111111111 01111 5 5 5 52529101010101010
10101010282711 5 5 5 5 5 5 5 511 1 2111111 5 5 5 51111 1 211111111111111 5 5 5 5 5 5 523101010101010
10101028271111111111 5 5 5 51111 1 2111111 5 5 5 51111 1 2 0111111 5 5 5 5 5 5 5 5 5 523101010101010
101010241111111111 01111111119 335 2111111111111111111 1 211111111 5 5 5 5 5 5 5 5 5 525291010101010
101010241119 3 3 3 3 3 3 3 3353233 2111111111111111111 1 2 01111 5 5 5 5 5 5 5 5 5 5 5 5231010101010
101010241116 4 4 4 4 4 4 4 4 417 134 3 3 3 3 3 3 3 3 335 2111111 5 5 5 5 5 5 5 5 5 5 5 5231010101010
10101024111111 5 5 5 5 5 511111116 4 4 4 4 4 4 4 4 4 433 2111111 5 5 5 5 5 5 5 5 5 5 5 5231010101010
10101030221111 5 5 5 5 5 5 5 511111111111111 0111111 0 1 2111111 5 5 5 5 5 5 5 5 5 5 5 5252910101010
1010101024 5 5 5 5 5 5 5 5 5 5 5 5 5 51111111111111111 1 21111 5 5 5 5 5 5 5 5 5 5 5 5 5 52310101010
101010103022 5 5 5 5 5 5 5 5 5 5 5 5 5 5 5 51111111111 1 21111 5 5 5 5 5 5 5 5 5 5 5 5 5 52310101010
10101010103022 5 5 5 5 5 5 5 5 5 5 5 5 5 5 5 511111111 1 211 5 5 5 5 5 5 5 5 5 5 5 5 5 5 52310101010
1010101010103022 5 5 5 5 5 5 5 5 5 5 5 5 5 5 5 5111111 1 211 5 5 5 5 5 5 5 5 5 5 5 5 5 5 52310101010
1010101010101024 5 5 5 5 5 5 5 5 5 5 5 5 5 5 5 5 51111 1 211 5 5 5 5 5 5 5 5 5 5 5 5 5 5 52310101010
1010101010101024 5 5 5 5 5 5 5 5 5 5 5 5 5 5 5 5 51111 1 2 011 5 5 5 5 5 5 5 5 5 5 5 5 5 52310101010
1010101010102827 5 5 5 5 5 5 5 5 5 5 5 5 5 5 5 5 51111 1 21111 5 5 5 5 5 5 5 5 5 5 5 5 5203110101010
10101010101024 5 5 5 5 5 5 5 5 5 5 5 5 5 5 5 5 5 51111 1 2111111 5 5 5 5 5 5 5 5 5 5 520311010101010
10101010102827 5 5 5 5 5 5 5 5 5 5 5 5 5 5 5 5 5 5 011 1 2111111 5 5 5 5 5 5 5 5 5 52031101010101010
101010101024 5 5 5 5 5 5 5 5 5 5 5 5 5 5 5 5 5 5 51111 1 21111111111 5 5 5 5 5 5 5203110101010101010
101010101024 5 5 5 5 5 5 5 5 5 5 5 5 5 5 5 5 5 5 51111 134 31811111111 5 5 5 5 5 5252910101010101010
101010101024 5 5 5 5 5 5 5 5 5 5 5 5 5 5 5 5 5 5 5 51116 433 211111111 5 5 5 5 5 5 52310101010101010
101010101024 5 5 5 5 5 5 5 5 5 5 5 5 5 5 5 5 5 5 5 5111111 1 2111111 5 5 8 8 8 8 8 52310101010101010
10101010103022 5 5 5 5 5 5 5 5 5 5 5 5 5 5 5 5 5 5 5 51111 134 3 3 3 3 8 6 9 9 9 8 52310101010101010
1010101010103022 5 5 5 5 5 5 5 5 5 5 5 5 5 5 5 5 5 5 5 511 1 7 7 7 7 6 7 9 7 9 7 8 52310101010101010
1010101010101024 5 5 5 5 5 5 5 5 5 5 5 5 5 5 5 5 5 5 5 51116 4 4 4 4 4 8 7 9 7 6 8 52310101010101010
1010101010101030212121212121212121212121212121212122 5 511111111111111 5 8 8 8 8 8 52310101010101010
1010101010101010101010101010101010101010101010101030212122111111111111 5 5 5 5 5 5203110101010101010
1010101010101010101010101010101010101010101010101010101030212121212121212121212121311010101010101010
1010101010101010101010101010101010101010101010101010101010101010101010101010101010101010101010101010
1010101010101010101010101010101010101010101010101010101010101010101010101010101010101010101010101010
1010101010101010101010101010101010101010101010101010101010101010101010101010101010101010101010101010
